-311.4445231
-300.7663772
-290.0938555
-279.2628912
-268.6016908
-257.9461013
-247.2961181
-236.6517369
-226.0129532
-215.2162187
-204.5887028
-193.9667711
-183.3504192
-172.7396427
-162.1344373
-151.5347985
-140.940722
-130.3522034
-119.7692384
-109.1918225
-98.61995133
-88.05362064
-77.65525788
-67.09990993
-56.55008943
-46.00579204
-35.46701342
-24.93374925
-14.40599519
-4.045585987
6.471245409
16.98257958
27.48842083
37.82727112
48.32222378
58.81169636
69.13444234
79.61305176
90.08619389
100.3928731
110.8551775
121.3120273
131.6026773
142.0487145
152.3287266
162.7639681
173.0333588
183.4578212
193.7166069
204.1303069
214.378504
224.7814584
235.0190833
245.4113087
255.6383777
265.8602159
276.2364202
286.4477268
296.8132434
307.0140349
317.2096157
327.3999896
337.7442627
347.9241538
358.09885
368.2683555
378.5914504
388.7505052
398.9043811
409.0530821
419.1966122
429.3349752
439.6264656
449.7544259
459.8772312
469.9948853
480.1073921
490.2147557
500.3169798
510.4140685
520.5060256
530.5928551
540.6745609
550.7511468
560.8226168
570.8889748
580.9502246
590.8492822
600.900407
610.9464353
620.9873709
631.0232177
641.0539796
650.9230482
660.9437311
670.9593405
680.9698804
690.819058
700.8195493
710.8149826
720.8053616
730.6347082
740.615069
750.4345613
760.404919
770.3702413
780.1749414
790.1302832
799.9251661
809.8705424
819.6556227
829.5910484
839.366341
849.2918309
859.0573504
868.9729196
878.7286807
888.634344
898.3803612
908.1215502
918.0124213
927.7438884
937.4705381
947.3466501
957.0635996
966.7757425
976.6371285
986.3395928
996.0372613
1005.730138
1015.571966
1025.255192
1034.933637
1044.607304
1054.276196
1063.940318
1073.599672
1083.407471
1093.057225
1102.702223
1112.342467
1121.977961
1131.60871
1141.234715
1150.855981
1160.472512
1170.08431
1179.691379
1189.293724
1198.73904
1208.332019
1217.920283
1227.503835
1237.08268
1246.65682
1256.22626
1265.639217
1275.199339
1284.75477
1294.305515
1303.700087
1313.241541
1322.778319
1332.310423
1341.686664
1351.209505
1360.727683
1370.090229
1379.599165
1388.952622
1398.452329
1407.79671
1417.287202
1426.773053
1436.10381
1445.580466
1454.902179
1464.369654
1473.682337
1482.990547
1492.44431
1501.74351
1511.188124
1520.478327
1529.764072
1539.195025
1548.471792
1557.744112
1567.161432
1576.424794
1585.683718
1594.938206
1604.33742
1613.582976
1622.824106
1632.060814
1641.293103
1650.669776
1659.893165
1669.112144
1678.326716
1687.536886
1696.742655
1705.944027
1715.141005
1724.333592
1733.521792
1742.705607
1751.885041
1761.060096
1770.230777
1779.397086
1788.559026
1797.7166
1806.869812
1816.018664
1825.16316
1834.155916
1843.291778
1852.423294
1861.550466
1870.673297
1879.644752
1888.75898
1897.868877
1906.974445
1915.928928
1925.025918
1934.118588
1943.060391
1952.144502
1961.224302
1970.153451
1979.22471
1988.14546
1997.20819
2006.120554
2015.174766
2024.078756
2033.124461
2042.020089
2051.057301
2059.944578
2068.973308
2077.852245
2086.872506
2095.743116
2104.609601
2113.617214
2122.475388
2131.329447
2140.324438
2149.170203
2158.011861
2166.994257
2175.82764
2184.656923
2193.482109
2202.303202
2211.264711
2220.077557
2228.886318
2237.690997
2246.491597
2255.288119
2264.080568
2272.868945
2281.653255
2290.577403
2299.353518
2308.125573
2316.893571
2325.657515
2334.273836
2343.029746
2351.781611
2360.529433
2369.273215
2378.012959
2386.748669
2395.480347
2404.207997
2412.788642
2421.508308
2430.223953
2438.93558
2447.643192
2456.204142
2464.903798
2473.599447
2482.148639
2490.836348
2499.520059
2508.057516
2516.733303
2525.405101
2533.930847
2542.594737
2551.112712
2559.768705
2568.278918
2576.927027
2585.571164
2594.069722
2602.564444
2611.196813
2619.683805
2628.308321
2636.787594
2645.404268
2653.875831
2662.343577
2670.948539
2679.408591
2687.864833
2696.458108
2704.906672
2713.351433
2721.792393
2730.370143
2738.803447
2747.232958
2755.658679
2764.220946
2772.639032
2781.053334
2789.463857
2797.870602
2806.273573
2814.672771
2823.0682
2831.459861
2839.847757
2848.231891
2856.612266
2864.988884
2873.361747
2881.730857
2890.096219
2898.457833
2906.815703
2915.169831
2923.520219
2931.86687
2940.209787
2948.410016
2956.745534
2965.077324
2973.40539
2981.729735
2989.911713
2998.228682
3006.541937
3014.85148
3023.018913
3031.321101
3039.619584
3047.776149
3056.067292
3064.216644
3072.500457
3080.780577
3088.919097
3097.191901
3105.323232
3113.58873
3121.712881
3129.971082
3138.088063
3146.338978
3154.448798
3162.692435
3170.795104
3178.894231
3187.127001
3195.218991
3203.307445
3211.52937
3219.610701
3227.688505
3235.899605
3243.970299
3252.037473
3260.101128
3268.297848
3276.354413
3284.407466
3292.457009
3300.503044
3308.545575
3316.720828
3324.756296
3332.788267
3340.816741
3348.841722
3356.863212
3364.881213
3372.895727
3380.906756
3388.914304
3396.918371
3404.918961
3412.916076
3420.909718
3428.899888
3436.886591
3444.734546
3452.714377
3460.690746
3468.663655
3476.633107
3484.599104
3492.426718
3500.38587
3508.341573
3516.29383
3524.107947
3532.053377
3539.995368
3547.799398
3555.734574
3563.666318
3571.460282
3579.385225
3587.306741
3595.090658
3603.005387
3610.782635
3618.690585
3626.461173
3634.362353
3642.12629
3650.020708
3657.778002
3665.665667
3673.416327
3681.163701
3689.041282
3696.782035
3704.652885
3712.387025
3720.117889
3727.845481
3735.702951
3743.423947
3751.141676
3758.989119
3766.700265
3774.40815
3782.112776
3789.814146
3797.64496
3805.339767
3813.031324
3820.719634
3828.404697
3836.086516
3843.765093
3851.440431
3859.11253
3866.781394
3874.447024
3882.109423
3889.768591
3897.424533
3905.077248
3912.72674
3920.373011
3928.016062
3935.655896
3943.292514
3950.925919
3958.424585
3966.051625
3973.675457
3981.296084
3988.913508
3996.396478
4004.007557
4011.615438
4019.220124
4026.690584
4034.28894
4041.884108
4049.345219
4056.934068
4064.519735
4071.971515
4079.550876
4086.996462
4094.569525
4102.008927
4109.5757
4117.008923
4124.569414
4131.996467
4139.550684
4146.971575
4154.519525
4161.934262
4169.475953
4228.011654
4235.39621
4242.907211
4250.415077
4257.790445
4265.292102
4272.790631
4280.156828
4287.649159
4295.138368
4302.495411
4309.978434
4317.329402
4324.806246
4332.151147
4339.621821
4346.960661
4354.425172
4361.757959
4369.216314
4376.543056
4383.995264
4391.315968
4398.762036
4406.076709
4413.516644
4420.825295
4428.130962
4435.56174
4442.861395
4450.158074
4457.579711
4464.870389
4472.158095
4479.570607
4486.852324
4494.131074
4501.534479
4508.807251
4516.077062
4523.343914
4530.73522
4537.996108
4545.254043
4552.509026
4559.888262
4567.137295
4574.383383
4581.626526
4588.866727
4596.103987
4603.338308
4610.696532
4617.924929
4625.150392
4632.372923
4639.592525
4646.809198
4654.022945
4661.233767
4668.441666
4675.646644
4682.848703
4690.047844
4697.24407
4704.437381
4711.62778
4718.815269
4725.999849
4733.181522
4740.36029
4747.536154
4754.5833
4761.753414
4768.920629
4776.084949
4783.246373
4790.404904
4797.435032
4804.587834
4811.737748
4818.884776
4826.02892
4833.04492
4840.183352
4847.318904
4854.451579
4861.456319
4868.583295
4875.707399
4882.703723
4889.822139
4896.937687
4903.925611
4911.035481
4918.14249
4925.122029
4932.223369
4939.197342
4946.293021
4953.385847
4960.35146
4967.438635
4974.398699
4981.480229
4988.434752
4995.510644
5002.459631
5009.529893
5016.473351
5023.537988
5030.475924
5037.534943
5044.467363
5051.397052
5058.447683
5065.371866
5072.416896
5079.33558
5086.251541
5093.288207
5100.198678
5107.106432
5114.134748
5121.037022
5127.936582
5134.833431
5141.850655
5148.742037
5155.630712
5162.516682
5169.52284
5176.403356
5183.281172
5190.156289
5197.028709
5204.021082
5210.888064
5217.752353
5224.613952
5231.472862
5238.329083
5245.182619
5252.03347
5258.881638
5265.727125
5272.569932
5279.532182
5286.369586
5293.204315
5300.036371
5306.865755
5313.692468
5320.516513
5327.216104
5334.034863
5340.850958
5347.664391
5354.475163
5361.283275
5368.088729
5374.891528
5381.691671
5388.489161
5395.162686
5401.954922
5408.744509
5415.531448
5422.315743
5428.976316
5435.755371
5442.531785
5449.30556
5456.076697
5462.724355
5469.490268
5476.253548
5482.893494
5489.651559
5496.406995
5503.039242
5509.789473
5516.537079
5523.16164
5529.90405
5536.64384
5543.260729
5549.995332
5556.607128
5563.336549
5569.943259
5576.667504
5583.269134
5589.988209
5596.584764
5603.298676
5609.890162
5616.598916
5623.18534
5629.888941
5636.470308
5643.168763
5649.745079
5656.438394
5663.009664
5669.578437
5676.264076
5682.827812
5689.389054
5696.06703
5702.623244
5709.176969
5715.847296
5722.396001
5728.942221
5735.485958
5742.146122
5748.68485
5755.2211
5761.754871
5768.404894
5774.933669
5781.459971
5787.9838
5794.505158
5801.14255
5807.658926
5814.172835
5820.684279
5827.19326
5833.699778
5840.203835
5846.705432
5853.204572
5859.701254
5866.195481
5872.687254
5879.176574
5885.663444
5892.147863
5898.629834
5905.109357
5911.586435
5918.061069
5924.53326
5931.003009
5937.470318
5943.935188
5950.397621
5956.857618
5963.31518
5969.770309
5976.105706
5982.556017
5989.003898
5995.449352
6001.892379
6008.215901
6014.654123
6021.089923
6027.523303
6033.954262
6040.265942
6046.692111
6053.115864
6059.420472
6065.839442
6072.256
6078.553548
6084.965331
6091.374707
6097.665207
6104.069816
6110.472021
6116.755485
6123.152931
6129.431725
6135.824417
6142.098547
6148.48649
6154.87204
6161.13916
6167.519969
6173.782438
6180.158512
6186.416334
6192.787678
6199.040859
6205.291742
6211.656022
6217.902272
6224.261835
6230.503456
6236.742786
6243.095305
6249.330014
6255.677829
6261.907923
6268.135731
6274.476522
6280.699722
6286.920642
6293.139281
6299.470739
6305.684781
6311.896546
6318.106037
6324.428182
6330.633085
6336.835717
6343.03608
6349.234174
6355.544717
6361.738236
6367.92949
6374.11848
6380.305209
6386.489676
6392.671884
6398.851833
6405.143905
6411.3193
6417.492439
6423.663325
6429.831958
6435.99834
6442.162473
6448.324357
6454.483993
6460.641384
6466.796529
6472.949431
6479.10009
6485.248508
6491.280888
6497.424869
6503.566612
6509.706118
6515.84339
6521.978427
6528.111232
6534.241805
6540.256681
6546.382836
6552.506763
6558.628464
6564.747939
6570.751928
6576.866997
6582.979845
6589.090471
6595.08578
6601.19201
6607.296023
6613.397821
6619.384468
6625.481879
6631.577077
6637.557251
6643.648069
6649.623947
6655.71039
6661.794627
6667.764048
6673.843917
6679.809053
6685.884559
6691.957864
6697.916562
6703.98551
6709.939935
6716.004532
6721.954688
6728.014938
6733.96083
6739.904611
6745.958369
6751.897893
6757.947317
6763.882588
6769.92768
6775.858703
6781.787624
6787.826249
6793.750928
6799.673508
6805.705677
6811.624022
6817.540272
6823.565994
6829.478016
6835.387945
6841.407231
6847.31294
6853.216559
6859.11809
6865.017534
6871.026143
6876.921378
6882.814529
6888.705597
6894.594584
6900.592545
6906.477333
6912.360044
6918.240677
6924.119235
6929.995718
6935.870127
6941.742464
6947.61273
6953.480925
6959.347051
6965.211108
6971.073099
6976.933024
6982.790884
6988.64668
6994.500413
7000.352085
7006.201696
7012.049248
7017.894742
7023.738178
7029.579559
7035.418884
7041.256155
7047.091373
7052.924539
7058.645653
7064.474758
7070.301814
7076.126822
7081.949784
7087.660892
7093.479803
7099.29667
7105.111496
7110.814624
7116.625408
7122.434152
7128.240858
7133.936024
7139.738696
7145.539334
7151.228549
7157.025159
7162.819737
7168.50301
7174.293567
7180.082095
7185.759436
7191.543949
7197.217352
7202.997854
7208.667324
7214.443819
7220.10936
7225.881853
7231.543468
7237.311962
7242.969657
7248.734156
7254.387934
7260.148443
7265.798308
7271.554831
7277.200787
7282.953328
7288.595379
7294.235498
7299.982093
7305.618313
7311.252604
7316.993262
7322.62366
7328.252131
7333.986862
7339.611446
7345.234108
7350.96292
7356.5817
7362.198561
7367.813502
7373.426525
7379.145517
7384.754669
7390.361906
7395.967228
7401.570637
7407.279836
7412.879384
7418.477021
7424.072749
7429.666569
7435.25848
7440.848486
7446.436585
7452.02278
7457.607071
7463.296795
7468.877245
7474.455794
7480.032444
7485.607195
7491.180048
7496.751004
7502.212985
7507.780187
7513.345495
7518.908909
7524.470432
7530.030064
7535.587805
7541.143658
7546.697622
7552.249699
7557.693173
7563.241514
7568.787971
7574.332545
7579.875237
7585.416047
7590.848476
7596.385562
7601.920769
7607.454098
7612.879195
7618.408808
7623.936546
7629.462411
7634.880189
7640.402345
7645.922629
7651.334938
7656.851519
7662.260197
7667.773079
7673.284094
7678.687317
7684.194638
7689.700096
7695.09787
7700.599639
7705.993798
7711.491883
7716.88243
7722.376833
7727.763772
7733.254498
7738.637831
7744.124884
7749.504617
7754.988
7760.364134
7765.738489
7771.216392
7776.587155
7782.061397
7787.428571
7792.79397
7798.262745
7803.624561
7808.984603
7814.44792
7819.804385
7825.15908
7830.616947
7835.968069
7841.317424
7846.665012
7852.115636
7857.459659
7862.801917
7868.142413
7873.481146
7878.922746
7884.257923
7889.59134
7894.922998
7900.252898
7905.581041
7910.907428
7916.336447
7921.65929
7926.980379
7932.299715
7937.6173
7942.933134
7948.247217
7953.559551
7958.870137
7964.178976
7969.486068
7974.791414
7980.095015
7985.396872
7990.696985
7995.995357
8001.291987
8006.586876
8011.880026
8017.0677
8022.357406
8027.645376
8032.931609
8038.216106
8043.498869
8048.779898
8053.955695
8059.233293
8064.50916
8069.783296
8074.952339
8080.223051
8085.492035
8090.759292
8095.921594
8101.185433
8106.447548
8111.604811
8116.863513
8122.120493
8127.272724
8132.526297
8137.77815
8142.925357
8148.173807
8153.420541
8158.562731
8163.806066
8168.944927
8174.184869
8179.320403
8184.556953
8189.689165
8194.922327
8200.051219
8205.280996
8210.406572
8215.632968
8220.75523
8225.978248
8231.0972
8236.316843
8241.432488
8246.546497
8251.761101
8256.871808
8261.980881
8267.190453
8272.296229
8277.400373
8282.604921
8287.705773
8292.804996
8298.004526
8303.100462
8308.19477
8313.287453
8318.480316
8323.569717
8328.657496
8333.743651
8338.828185
8344.012739
8349.094
8354.17364
8359.251662
8364.328066
8369.402853
8374.476024
8379.547579
8384.718901
8389.787195
8394.853876
8399.918944
8404.9824
8410.044246
8415.104481
8420.163107
8425.220124
8430.275533
8435.329336
8440.381532
8445.432122
8450.481107
8455.528489
8460.473367
8465.517575
8470.560181
8475.601186
8480.64059
8485.678395
8490.714602
8495.74921
8500.681577
8505.713024
8510.742875
8515.771131
8520.797793
8525.722375
8530.745883
8535.767799
8540.788124
8545.706499
8550.723675
8555.739262
8560.652997
8565.665441
8570.676298
8575.585399
8580.593116
8585.599249
8590.503723
8595.506721
8600.508137
8605.407991
8610.406276
8615.303063
8620.298221
8625.191944
8630.183977
8635.07464
8640.063551
8644.951156
8649.936949
8654.821499
8659.804175
8664.685673
8669.665237
8674.543685
8679.520139
8684.395541
8689.269436
8694.241247
8699.1121
8703.981448
8708.948621
8713.814931
8718.779005
8723.642281
8728.504055
8733.364329
8738.322247
8743.179491
8748.035237
8752.889486
8757.841258
8762.692483
8767.542212
8772.390446
8777.336084
8782.1813
8787.025024
8791.867255
8796.707995
8801.547244
8806.385003
8811.319957
8816.154708
8820.987971
8825.819746
8830.650035
8835.478838
8840.306156
8845.13199
8849.956339
8854.779206
8859.60059
8864.420492
8869.238913
8874.055854
8878.871314
8883.685296
8888.4978
8893.308826
8898.118374
8902.926447
8907.634964
8912.440116
8917.243794
8922.045998
8926.846729
8931.645988
8936.443775
8941.142222
8945.937098
8950.730504
8955.522441
8960.215161
8965.004192
8969.791757
8974.577855
8979.264858
8984.048055
8988.829789
8993.512517
8998.291355
9003.06873
9007.74719
9012.521672
9017.294694
9021.968893
9026.739026
9031.410396
9036.177644
9040.943434
9045.610552
9050.37346
9055.037756
9059.797784
9064.459261
9069.216413
9073.875072
9078.62935
9083.285194
9088.036601
9092.689634
9097.438171
9102.088394
9106.737229
9111.481482
9116.127511
9120.868902
9125.512128
9130.153968
9134.891085
9139.530126
9144.167783
9148.90063
9153.535492
9158.168971
9162.801069
9167.528244
9172.157551
9176.785479
9181.412027
9186.13354
9190.757302
9195.379688
9200.000697
9204.62033
9209.334786
9213.95164
9218.567119
9223.181225
9227.793957
9232.405318
9237.015306
9241.623923
9246.23117
9250.932988
9255.537466
9260.140576
9264.742318
9269.342693
9273.9417
9278.539341
9283.135616
9287.730527
9292.324072
9296.916254
9301.411445
9306.000929
9310.589052
9315.175812
9319.761212
9324.345252
9328.927932
9333.509253
9338.089216
9342.572447
9347.149722
9351.725642
9356.300205
9360.873412
9365.350032
9369.920559
9374.489732
9379.057552
9383.528899
9388.094043
9392.657836
9397.125241
9401.686361
9406.246132
9410.804554
9415.266702
9419.822456
9424.281993
9428.835082
9433.386824
9437.842435
9442.391516
9446.844521
9451.390942
9455.93602
9460.385108
9464.92753
9469.374018
9473.913786
9478.357677
9482.894794
9487.33609
9491.870557
9496.30926
9500.746681
9505.277193
9509.712024
9514.239893
9518.672137
9523.103102
9527.627024
9532.055405
9536.576689
9541.002489
9545.427013
9549.85026
9554.366303
9558.786974
9563.206371
9567.718482
9572.135305
9576.550855
9580.965134
9585.472021
9589.88373
9594.294169
9598.703338
9603.111238
9607.611614
9612.01695
9616.421019
9620.823821
9625.225356
9629.625626
9634.02463
9638.422369
9642.818845
9647.214056
9651.701479
9656.094138
9660.485535
9664.87567
9669.264544
9673.652158
9678.038512
9682.423607
9686.807443
9691.190021
9695.478134
9699.858224
9704.237057
9708.614633
9712.990955
9717.366021
9721.739833
9726.11239
9730.483695
9734.76078
9739.129606
9743.49718
9747.863503
9752.228575
9756.499562
9760.862161
9765.223511
9769.583612
9773.849737
9778.207369
9782.563754
9786.918893
9791.180163
9795.532837
9799.884266
9804.141906
9808.490874
9812.838598
9817.092614
9821.437879
9825.68949
9830.032299
9834.373868
9838.621862
9842.960977
9847.206571
9851.543235
9855.786431
9860.120646
9864.361446
9868.693214
9872.931619
9877.260942
9881.496956
9885.823836
9890.05746
9894.289903
9898.613135
9902.843191
9907.163985
9911.391656
9915.618148
9919.935303
9924.159413
9928.382346
9932.695866
9936.916419
9941.135797
9945.445687
9949.662689
9953.878516
9958.09317
9962.398234
9966.610516
9970.821625
9975.031562
9979.240328
9983.53938
9987.745778
9991.951007
9996.155067
10000.35796
10004.55968
10008.76023
10013.0509
10017.24909
10021.44612
10025.64198
10029.83667
10034.03021
10038.22257
10042.41377
10046.60381
10050.79269
10054.9804
10059.16695
10063.35234
10067.53656
10071.71963
10075.90154
10080.08228
10084.26187
10088.4403
10092.52677
10096.7029
10100.87788
10105.05171
10109.22437
10113.39588
10117.47559
10121.64482
10125.81289
10129.9798
10134.14557
10138.21965
10142.38313
10146.54546
10150.70664
10154.77625
10158.93515
10163.0929
10167.15915
10171.31463
10175.46896
10179.53186
10183.68392
10187.83483
10191.89439
10196.04303
10200.19053
10204.24675
10208.39198
10212.44599
10216.58896
10220.64075
10224.78146
10228.83104
10232.96948
10237.01686
10241.15304
10245.19821
10249.33214
10253.37509
10257.50677
10261.54752
10265.58719
10269.71549
10273.75296
10277.87902
10281.91428
10285.94845
10290.07115
10294.10313
10298.13402
10302.25336
10306.28206
10310.30967
10314.42567
10318.45109
10322.47542
10326.49868
10330.61022
10334.63128
10338.65126
10342.67017
10346.68799
10350.70473
10354.80961
10358.82417
10362.83765
10366.85005
10370.86137
10374.87162
10378.88079
10382.88888
10386.98492
10390.99084
10394.99568
10398.99944
10403.00213
10407.00374
10411.00429
10415.00375
10419.00215
10422.99947
10426.99572
10430.9909
10434.98501
10438.88933
10442.88132
10446.87224
10450.86209
10454.85087
10458.83858
10462.82523
10466.81081
10470.70679
10474.69025
10478.67265
10482.65399
10486.63426
10490.52505
10494.50321
10498.48031
10502.45634
10506.343
10510.31693
10514.2898
10518.2616
10522.14412
10526.11383
10530.08248
10533.96191
10537.92846
10541.89395
10545.77029
10549.73368
10553.60798
10557.56928
10561.52953
10565.40075
10569.3589
10573.22808
10577.18414
10581.05127
10585.00525
10588.87035
10592.82224
10596.6853
10600.6351
10604.49612
10608.44385
10612.30283
10616.16081
10620.10543
10623.96138
10627.90392
10631.75783
10635.61074
10639.55018
10643.40106
10647.25094
10651.18728
10655.03513
10658.88199
10662.81523
10666.66006
10670.50389
10674.34672
10678.27585
10682.11666
10685.95646
10689.79528
10693.63309
10697.5571
10701.39289
10705.22769
10709.0615
10712.89431
10716.72612
10720.55694
10724.38676
10728.3026
10732.13041
10735.95723
10739.78306
10743.6079
10747.43174
10751.25459
10755.07645
10758.89732
10762.7172
10766.53608
10770.35398
10774.17089
10777.98681
10781.80174
10785.61568
10789.34199
10793.15398
10796.96498
10800.775
10804.58402
10808.39207
10812.19912
10816.00519
10819.72381
10823.52794
10827.33108
10831.13324
10834.84803
10838.64824
10842.44747
10846.24572
10849.9567
10853.753
10857.54833
10861.34267
10865.04984
10868.84224
10872.63367
10876.33798
10880.12747
10883.8299
10887.61745
10891.40403
10895.10361
10898.88826
10902.58595
10906.36866
10910.1504
10913.84525
10917.62507
10921.31803
10925.09592
10928.787
10932.56296
10936.25216
10939.94044
10943.71352
10947.39992
10951.17108
10954.8556
10958.62484
10962.30749
10965.9892
10969.75558
10973.43542
10977.11433
10980.87785
10984.55489
10988.23101
10991.99166
10995.66591
10999.33924
11003.01164
11006.7685
11010.43903
11014.10865
11017.77734
11021.5304
11025.19722
11028.86313
11032.52812
11036.19219
11039.85533
11043.60272
11047.26401
11050.92438
11054.58383
11058.24236
11061.89998
11065.55668
11069.21246
11072.86732
11076.52127
11080.17431
11083.82642
11087.47763
11091.12791
11094.77729
11098.42575
11102.07329
11105.71992
11109.36564
11113.01045
11116.65434
11120.29732
11123.93939
11127.58055
11131.2208
11134.77551
11138.41395
11142.05149
11145.68812
11149.32384
11152.95865
11156.50805
11160.14106
11163.77317
11167.40436
11170.95024
11174.57964
11178.20814
11181.75138
11185.37809
11189.00389
11192.62879
11196.16851
11199.79161
11203.41382
11206.95091
11210.57133
11214.10668
11217.72531
11221.34303
11224.87576
11228.4917
11232.02269
11235.63685
11239.16609
11242.77848
11246.30598
11249.91659
11253.44235
11257.05118
11260.57521
11264.18226
11267.70456
11271.30983
11274.83039
11278.3501
11281.95272
11285.4707
11288.98782
11292.5878
11296.10319
11299.70139
11303.21506
11306.72787
11310.23982
11313.83451
11317.34474
11320.85412
11324.44617
11327.95383
11331.46063
11334.96658
11338.47168
11342.05936
11345.56274
11349.06527
11352.56695
11356.06778
11359.56776
11363.1502
11366.64847
11370.14589
11373.64246
11377.13818
11380.63306
11384.12708
11387.62027
11391.11261
11394.6041
11398.09474
11401.58454
11405.0735
11408.56161
11412.04888
11415.5353
11419.02088
11422.50562
11425.98951
11429.47256
11432.95477
11436.43613
11439.91666
11443.3135
11446.79236
11450.27038
11453.74756
11457.2239
11460.6994
11464.09134
11467.56519
11471.03819
11474.51035
11477.98168
11481.36954
11484.83921
11488.30804
11491.69347
11495.16065
11498.62699
11502.09249
11505.47468
11508.93853
11512.40155
11515.78131
11519.24267
11522.62082
11526.08054
11529.53942
11532.91515
11536.37238
11539.7465
11543.20209
11546.5746
11550.02855
11553.39946
11556.85176
11560.22106
11563.67172
11567.03942
11570.48844
11573.85454
11577.30192
11580.66641
11584.03012
11587.47505
11590.83716
11594.28045
11597.64096
11601.00069
11604.44153
11607.79966
11611.157
11614.59541
11617.95115
11621.30611
11624.66028
11628.09544
11631.44802
11634.79981
11638.15082
11641.58274
11644.93216
11648.28079
11651.62864
11654.9757
11658.40359
11661.74907
11665.09376
11668.43767
11671.78079
11675.12314
11678.4647
11681.80548
11685.14548
11688.48469
11691.90454
11695.24218
11698.57903
11701.91511
11705.2504
11708.58491
11711.91865
11715.2516
11718.50251
11721.83393
11725.16456
11728.49442
11731.8235
11735.15181
11738.47933
11741.80608
11745.13205
11748.45725
11751.70059
11755.02425
11758.34714
11761.66925
11764.99058
11768.23016
11771.54996
11774.86899
11778.18725
11781.42382
11784.74055
11788.0565
11791.37168
11794.60526
11797.91891
11801.23179
11804.46312
11807.77448
11811.08506
11814.31416
11817.62322
11820.85083
11824.15837
11827.46513
11830.69051
11833.99575
11837.21964
11840.52337
11843.74578
11847.04799
11850.26891
11853.5696
11856.78905
11860.08822
11863.30619
11866.60385
11869.82034
11873.11648
11876.33149
11879.54578
11882.83966
11886.05247
11889.26455
11892.55617
11895.76678
11899.05689
11902.26602
11905.47443
11908.68211
11911.96922
11915.17543
11918.38091
11921.66578
11924.86979
11928.07307
11931.27563
11934.47747
11937.7586
11940.95897
11944.15861
11947.35754
11950.55573
11953.75321
11957.02987
11960.22588
11963.42117
11966.61573
11969.80957
11973.0027
11976.1951
11979.38677
11982.57773
11985.76797
11988.95748
11992.14628
11995.33435
11998.52171
12001.70834
12004.89426
12008.07946
12011.26394
12014.4477
12017.63074
12020.81306
12023.99466
12027.17555
12030.27622
12033.45569
12036.63445
12039.81248
12042.9898
12046.16641
12049.26291
12052.4381
12055.61257
12058.78633
12061.88006
12065.0524
12068.22404
12071.39495
12074.48591
12077.65542
12080.82421
12083.9131
12087.08049
12090.24716
12093.33398
12096.49924
12099.6638
12102.74855
12105.9117
12108.99508
12112.15682
12115.31785
12118.39917
12121.5588
12124.63875
12127.79698
12130.87557
12134.03239
12137.10961
12140.26503
12143.34089
12146.49491
12149.5694
12152.64322
12155.79515
12158.8676
12162.01814
12165.08923
12168.15965
12171.3081
12174.37716
12177.44555
12180.59191
12183.65894
12186.7253
12189.86959
12192.93458
12195.99891
12199.06257
12202.20409
12205.2664
12208.32803
12211.38899
12214.52775
12217.58736
12220.6463
12223.70458
12226.76218
12229.81912
12232.95375
12236.00934
12239.06426
12242.11851
12245.1721
12248.22502
